121
98
109
106
109
116
115
118
105
116
105
112
97
108
111
106
113
98
109
106
107
118
105
104
97
98
121
106
117
104
103
112
105
108
103
100
97
98
119
102
97
98
99
112
99
106
119
122
107
98
97
116
103
118
105
118
113
110
115
120
101
122
113
100
111
98
111
98
111
122
117
122
113
102
107
98
101
104
107
110
121
120
103
108
107
104
117
98
121
102
111
100
113
98
119
114
111
120
107
110
119
104
97
104
99
112
111
102
109
112
105
110
117
110
97
122
113
108
109
104
105
108
119
98
115
122
97
106
121
108
105
116
119
108
111
106
97
104
101
106
121
98
105
122
113
100
105
110
117
98
101
108
121
108
113
114
105
100
111
110
103
114
119
102
113
108
121
104
99
114
119
98
103
110
107
102
117
102
97
114
115
106
109
122
101
120
101
104
121
112
119
102
97
110
115
122
113
106
97
98
